 #Begin the method to calculate ionionization energies in eV for various atoms and electronic states
 +from pyne import nucname
  import numpy as np
  def function(element,charge):
  	#initialize tuples 
  	He = (24.98, 54.33)
assert len(He) == 2

Li = (5.343, 74.45, 121.9)
assert len(Li) == 3

Be = (8.417, 18.69, 146.3, 214.9)
assert len(Be) == 4

B = (8.431, 25.81, 29.58, 249.3, 332.9)
assert len(B) == 5

C = (10.60, 26.05, 50.40, 67.59, 374.2, 475.6)
assert len(C) == 6

N = (13.37, 32.02, 51.55, 82.57, 103.1, 524.0, 643.3)
assert len(N) == 7

O = (16.39, 38.23, 60.73, 82.78, 121.9, 145.8, 698.8, 836.0)
assert len(O) == 8

F = (19.66, 44.71, 70.07, 95.18, 120.3, 168.3, 195.5, 898.5, 1054)
assert len(F) == 9

Ne = (23.08, 51.25, 79.42, 107.6, 135.9, 164.1, 221.8, 252.4, 1123, 1296)
assert len(Ne) == 10

Na = (4.962, 47.69, 81.74, 115.8, 149.9, 184.1, 218.3, 287.3, 322.3, 1384, 1575)
assert len(Na) == 11

Mg = (6.896, 15.27, 78.71, 118.4, 158.1, 197.8, 237.8, 277.7, 356.7, 396.2, 1671, 1880)
assert len(Mg) == 12

Al = (5.714, 18.66, 29.15, 11.62, 161.5, 206.7, 252.0, 297.9, 343.4, 427.1, 471.1, 1984, 2211)
assert len(Al) == 13

Si = (7.264, 16.95, 34.27, 46.65, 159.8, 210.5, 261.3, 312, 364, 415.1, 503.7, 552.2, 2324, 2569)
assert len(Si) == 14

P = (9.249, 20.68, 32.62, 53.73, 67.88, 209.7, 265.9, 322.1, 378.3, 436, 492.6, 586.5, 639.5, 2690, 2953)
assert len(P) == 15

S = (11.4, 24.53, 37.99, 51.15, 76.74, 92.62, 265.8, 327.4, 389.1, 450.7, 514.1, 576.2, 675.6, 733, 3082, 3364)
assert len(S) == 16

Cl = (13.71, 28.51, 43.33, 58.10, 72.86, 103.3, 120.8, 328.0, 395.1, 462.2, 529.2, 598.3, 665.8, 771.0, 832.9, 3501, 3801)
assert len(Cl) == 17

Ar = (16.00, 32.34, 48.68, 65.02, 81.56, 98.00, 133.2, 152.5, 396.4, 468.9, 514.4, 613.8, 688.6, 761.6, 872.6, 939.0, 3947, 4264)
assert len(Ar) == 18

K = (4.028, 31.05, 49.96, 68.88, 87.80, 107.0, 126.0, 166.8, 188.3, 474.4, 552.2, 630.1, 708.0, 788.9, 867.3, 984.4, 1055, 4423, 4759)
assert len(K) == 19

Ca = (5.342, 11.82, 49.25, 70.57, 91.90, 113.2, 135.0, 156.4, 202.7, 226.3, 558.2, 641.5, 724.7, 808.0, 895.0, 978.9, 1102, 117.8, 4926, 5280)
assert len(Ca) == 20

Sc = (5.752, 12.66, 22.97, 72.22, 95.39, 118.6, 141.7, 166.5, 189.8, 239.7, 265.0, 645.0, 733.7, 822.4, 911.0, 1005, 1094, 1224, 1303, 5454, 5827)
assert len(Sc) == 21

Ti = (6.080, 13.35, 25.47, 43.69, 98.99, 123.9, 148.8, 173.7, 201.8, 226.8, 279.9, 307.0, 737.8, 831.8, 925.9, 1020, 1120, 1215, 1351, 1435, 6009, 6401)
assert len(Ti) == 22

V = (6.371, 13.97, 27.73, 47.82, 67.91, 129.2, 155.7, 182.3, 208.9, 240.5, 267.2, 323.4, 352.1, 836.4, 935.8, 1035, 1135, 1242, 1342, 1484, 1573, 6592, 7002)
assert len(V) == 23

Cr = (5.719, 15.23, 34.97, 54.44, 73.91, 93.38, 159.3, 187.2, 215.2, 243.1, 276.6, 304.7, 364.0, 394.1, 934.3, 1039, 1144, 1249, 1363, 1469, 1618, 1711, 7195, 7624)
assert len(Cr) == 24

Mn = (6.911, 15.11, 30.79, 54.85, 78.35, 101.8, 125.3, 199.8, 229.7, 259.5, 289.4, 325.8, 356.0, 419.7, 451.6, 1051, 1162, 1272, 1382, 1504, 1615, 1770, 1868, 7838, 8285)
assert len(Mn) == 25

Fe = (7.169, 15.65, 32.67, 57.40, 83.00, 108.1, 133.2, 158.3, 240.2, 271.7, 303.1, 334.6, 372.2, 404.0, 472.4, 506.0, 1168, 1283, 1399, 1514, 1644, 1760, 1923, 2025, 8503, 8969)
assert len(Fe) == 26

Co = (7.417, 16.18, 34.48, 60.78, 87.08, 114.2, 140.8, 167.4, 194.1, 283.7, 316.8, 349.9, 382.9, 421.5, 455.0, 528.3, 563.5, 1291, 1411, 1532, 1653, 1790, 1912, 2081, 2189, 9195, 9679)
assert len(Co) == 27

Ni = (7.659, 16.69, 36.24, 64.07, 91.90, 119.7, 148.2, 176.4, 204.5, 232.7, 330.3, 365.0, 399.7, 434.4, 473.9, 509.0, 587.2, 624.0, 1419, 1545, 1671, 1797, 1942, 2069, 2247, 2358, 9915, 10420)
assert len(Ni) == 28

Cu = (6.660, 21.25, 48.40, 75.56, 102.7, 129.9, 157.0, 184.6, 212.0, 239.5, 266.9, 371.7, 407.7, 443.7, 479.6, 518.4, 554.9, 638.3, 676.5, 1542, 1673, 1805, 1936, 2088, 2221, 2406, 2523, 10650, 11170)
assert len(Cu) == 29

Zn = (8.126, 17.68, 39.64, 70.45, 101.3, 132.1, 162.9, 193.7, 224.9, 256.0, 287.1, 318.2, 432.7, 470.6, 508.4, 546.3, 587.4, 625.9, 714.4, 754.4, 1694, 1830, 1967, 2104, 2265, 2404, 2596, 2717, 11440, 11980)
assert len(Zn) == 30

Ga = (5.710, 19.81, 30.91, 61.65, 95.94, 130.2, 164.5, 198.8, 233.1, 268.0, 302.4, 336.9, 371.3, 495.5, 535.4, 575.2, 615.0, 658.8, 699.3, 793.1, 834.9, 1852, 1994, 2136, 2278, 2448, 2592, 2793, 2918, 12250, 12810)
assert len(Ga) == 31

Ge = (7.064, 16.45, 34.29, 46.73, 86.97, 124.5, 162.0, 199.5, 237.0, 274.6, 312.8, 350.4, 388.0, 425.6, 559.4, 601.3, 643.2, 685.0, 731.7, 774.3, 873.4, 917.2, 2015, 2162, 2310, 2457, 2637, 2787, 2995, 3125, 13090, 13670)
assert len(Ge) == 32

As = (8.822, 19.53, 30.25, 51.38, 65.45, 115.6, 156.1, 196.6, 237.2, 277.7, 318.2, 359.6, 400.3, 441.0, 481.7, 625.3, 669.2, 713.2, 757.1, 806.6, 851.4, 956.1, 1002, 2184, 2337, 2489, 2642, 2832, 2988, 3204, 3339, 13970, 14560)
assert len(As) == 33

Se = (1.062, 22.38, 34.20, 46.12, 70.81, 85.61, 147.2, 190.7, 234.1, 277.6, 321.0, 364.5, 409.0, 452.6, 496.3, 540.0, 693.3, 739.3, 785.4, 831.4, 883.9, 930.7, 1041, 1089, 2359, 2517, 2675, 2833, 3033, 3195, 3420, 3559, 14860, 15480)
assert len(Se) == 34

Br = (12.28, 25.12, 37.97, 51.18, 64.27, 92.47, 108.4, 181.8, 228.1, 274.4, 320.7, 367.0, 413.3, 460.8, 507.4, 554.0, 600.6, 763.7, 811.8, 859.9, 908.1, 963.6, 1013, 1129, 1178, 2541, 2704, 2867, 3030, 3242, 3409, 3642, 3787, 1579, 1643)
assert len(Br) == 35

Kr = (14.00, 27.89, 41.78, 55.67, 70.31, 84.52, 116.3, 133.3, 219.4, 268.5, 317.6, 366.7, 415.8, 464.9, 515.3, 564.8, 614.2, 663.6, 836.5, 886.7, 937.0, 987.3, 1046, 1097, 1219, 1271, 2728, 2897, 3065, 3234, 3457, 3630, 3872, 4021, 16750, 17400)
assert len(Kr) == 36

Rb = (3.811, 26.57, 42.22, 57.87, 73.51, 90.14, 106.1, 142.1, 160.5, 262.0, 313.9, 365.8, 417.6, 469.5, 521.4, 574.9, 627.2, 679.4, 731.7, 914.3, 966.7, 1019, 1071, 1133, 1187, 1315, 1369, 2924, 3098, 3272, 3446, 3682, 3860, 4111, 4265, 17740, 18410)
assert len(Rb) == 37

Sr = (4.932, 10.89, 41.31, 58.52, 75.74, 92.96, 111.4, 129.0, 168.9, 188.9, 307.0, 361.7, 416.3, 471.0, 525.6, 580.3, 636.8, 691.9, 746.9, 802.0, 991.5, 1046, 1101, 1155, 1223, 1279, 1413, 1469, 3127, 3306, 3486, 3665, 3913, 4098, 4358, 4516, 18760, 19450)
assert len(Sr) == 38

Y = (5.472, 11.93, 19.26, 58.53, 77.04, 95.55, 114.1, 134.8, 153.6, 196.4, 217.5, 353.2, 410.6, 468.0, 525.4, 582.8, 640.2, 700.0, 757.8, 815.7, 873.5, 1066, 1123, 1180, 1236, 1315, 1373, 1512, 1570, 3334, 3519, 3704, 3888, 4151, 4341, 4610, 4773, 19800, 20520)
assert len(Y) == 39

Zr = (5.843, 12.67, 21.71, 34.23, 78.31, 98.00, 117.7, 137.4, 160.6, 180.6, 225.7, 248.0, 402.0, 462.1, 522.3, 582.4, 642.5, 702.6, 765.6, 826.3, 886.9, 947.5, 1144, 1203, 1262, 1320, 1406, 1467, 1609, 1669, 3547, 3738, 3928, 4118, 4395, 4591, 4869, 5037, 20880, 21610)
assert len(Zr) == 40

Nb = (5.540, 13.85, 26.73, 39.60, 52.48, 99.65, 120.3, 141.0, 161.7, 187.9, 208.8, 255.1, 278.4, 451.2, 514.0, 576.8, 639.6, 702.4, 765.2, 831.7, 895.1, 958.5, 1022, 1222, 1283, 1344, 1405, 1496, 1558, 1704, 1766, 3765, 3960, 4156, 4352, 4644, 4846, 5134, 5307, 21980, 22740)
assert len(Nb) == 41

Mo = (5.737, 14.56, 29.15, 43.37, 57.59, 71.81, 124.0, 145.8, 167.5, 189.2, 216.7, 238.7, 288.1, 312.5, 505.3, 570.8, 636.2, 701.7, 767.1, 832.6, 902.2, 968.4, 1034, 1101, 1305, 1368, 1431, 1494, 1591, 1655, 1805, 1869, 3990, 4191, 4392, 4593, 4902, 5110, 5407, 5585, 23120, 23890)
assert len(Mo) == 42

Tc = (6.655, 14.34, 27.24, 44.17, 60.54, 76.91, 93.28, 151.2, 174.2, 197.1, 220.0, 249.7, 273.1, 325.5, 351.1, 564.8, 632.9, 701.0, 769.1, 837.2, 905.3, 978.3, 1047, 1116, 1185, 1393, 1459, 1524, 1589, 1691, 1758, 1912, 1978, 4225, 4431, 4638, 4844, 5170, 5384, 5691, 5874, 24290, 25080)
assert len(Tc) == 43

Ru = (6.061, 17.37, 33.64, 49.90, 66.89, 83.51, 100.1, 116.7, 179.2, 203.0, 226.7, 250.5, 280.1, 304.3, 360.0, 386.5, 621.6, 692.4, 763.1, 833.9, 904.7, 975.4, 1051, 1123, 1194, 1266, 1479, 1546, 1614, 1681, 1789, 1858, 2016, 2084, 4460, 4672, 4884, 5096, 5440, 5660, 5977, 6165, 25490, 26300)
assert len(Ru) == 44

Rh = (6.201, 18.76, 36.14, 53.52, 70.90, 88.99, 106.7, 124.4, 142.2, 209.9, 234.6, 259.4, 284.1, 314.6, 340.0, 398.8, 426.3, 683.9, 757.3, 830.7, 904.0, 977.4, 1051, 1130, 1204, 1278, 1352, 1570, 1640, 1709, 1778, 1893, 1964, 2127, 2197, 4705, 4922, 5139, 5357, 5719, 5945, 6273, 6466, 26720, 27550)
assert len(Rh) == 45

Pd = (8.702, 26.09, 43.48, 60.87, 78.25, 95.64, 113.6, 131.4, 149.2, 167.0, 239.4, 265.0, 290.5, 316.1, 346.4, 372.7, 434.9, 463.4, 744.0, 820.1, 896.1, 972.2, 1048, 1124, 1206, 1283, 1360, 1436, 1659, 1731, 1802, 1874, 1994, 2068, 2235, 2307, 4951, 5174, 5396, 5619, 6002, 6234, 6572, 6770, 27970, 28830)
assert len(Pd) == 46

Ag = (6.453, 21.53, 41.02, 60.52, 80.01, 99.50, 119.0, 139.2, 159.0, 178.9, 198.7, 277.2, 303.9, 330.6, 357.3, 389.3, 416.8, 482.3, 511.9, 816.6, 895.2, 973.9, 1053, 1131, 1210, 1295, 1374, 1454, 1533, 1761, 1835, 1908, 1982, 2109, 2185, 2357, 2431, 5213, 5441, 5669, 5897, 6302, 6540, 6889, 7092, 29270, 30140)
assert len(Ag) == 47

Cd = (7.658, 16.47, 369.1, 582.6, 796.2, 101.0, 122.3, 143.7, 165.8, 187.5, 209.2, 230.9, 315.4, 343.3, 371.1, 399.0, 433.0, 461.7, 530.6, 561.3, 891.1, 972.3, 1054, 1135, 1216, 1297, 1386, 1468, 1550, 1632, 1864, 1939, 2015, 2091, 2227, 2305, 2481, 2558, 5481, 5714, 5948, 6182, 6609, 6853, 7213, 7421, 30600, 31490)
assert len(Cd) == 48

In = (5.498, 18.13, 28.10, 54.33, 77.51, 100.7, 123.9, 147.1, 107.2, 194.4, 217.9, 241.3, 264.7, 355.2, 384.3, 413.3, 442.4, 478.5, 508.4, 580.7, 612.6, 968.7, 1052, 1136, 120, 1304, 1388, 1480, 1564, 1649, 1734, 1972, 2050, 2128, 2206, 2348, 2429, 2609, 2688, 5755, 5994, 6234, 6473, 6924, 7174, 7546, 7758, 31960, 32870)
assert len(In) == 49

Sn = (6.634, 15.10, 30.70, 41.65, 73.79, 98.67, 123.5, 148.4, 173.3, 198.2, 224.3, 249.4, 274.4, 299.5, 395.9, 426.1, 456.4, 486.7, 525.0, 556.3, 632.0, 665.1, 1048, 1135, 1221, 1308, 1394, 1480, 1576, 1663, 1750, 1838, 2082, 2162, 2242, 2322, 2472, 2555, 2740, 2821, 6036, 6281, 6525, 6770, 7246, 7503, 7886, 8104, 33350, 34290)
assert len(Sn) == 50

Sb = (7.931, 17.36, 26.85, 45.09, 56.95, 95.28, 121.7, 148.2, 174.6, 201.1, 227.6, 255.4, 282.1, 308.8, 335.5, 437.9, 469.4, 500.9, 532.4, 573.0, 605.6, 684.8, 719.1, 1131, 1220, 1309, 1398, 1487, 1576, 1675, 1765, 1855, 1945, 2194, 2276, 2358, 2441, 2599, 2684, 2874, 2957, 6323, 6573, 6824, 7074, 7577, 7840, 8234, 8457, 34780, 35730)
assert len(Sb) == 51

Te = (9.245, 19.25, 29.87, 40.30, 61.17, 73.87, 118.7, 146.6, 174.6, 202.6, 230.6, 258.5, 288.1, 316.4, 344.7, 373.0, 481.3, 514.0, 546.7, 579.5, 622.5, 656.3, 739.1, 774.6, 1216, 1308, 1399, 1491, 1582, 1674, 1776, 1869, 1961, 2054, 2309, 2394, 2478, 2562, 2730, 2817, 3011, 3096, 6617, 6873, 7128, 7384, 7915, 8185, 8591, 8819, 36230, 37210)
assert len(Te) == 52

I = (10.59, 21.40, 32.20, 44.01, 55.32, 78.84, 92.35, 143.8, 173.3, 202.8, 232.2, 261.7, 291.1, 322.4, 352.2, 382.0, 411.8, 526.1, 560.1, 594.0, 628.0, 673.4, 708.5, 795.1, 831.8, 1304, 1398, 1492, 1586, 1680, 1774, 1880, 1976, 2071, 2166, 2427, 2514, 2600, 2687, 2864, 2953, 3152, 3239, 6917, 7179, 7440, 7701, 8262, 8538, 8956, 9190, 37730, 38730)
assert len(I) == 53

Xe = (11.97, 23.54, 35.11, 46.68, 59.69, 71.83, 98.05, 112.3, 170.8, 201.7, 232.6, 263.5, 294.4, 325.3, 358.3, 389.6, 420.9, 452.2, 572.5, 607.7, 642.9, 678.1, 726.0, 762.4, 852.7, 890.6, 1394, 1491, 1587, 1684, 1781, 1877, 1987, 2085, 2183, 2281, 2548, 2637, 2726, 2814, 3001, 3093, 3296, 3386, 7224, 7491, 7758, 8024, 8617, 8899, 9330, 9569, 39250, 40270)   
assert len(Xe) == 54

Cs = (3.489, 22.41, 35.25, 48.09, 60.93, 75.61, 89.02, 118.3, 133.6, 200.9, 233.2, 265.6, 297.9, 303.3, 362.7, 397.4, 430.2, 463.0, 495.7, 621.9, 658.4, 694.8, 731.2, 781.9, 819.6, 913.6, 952.7, 1489, 1588, 1687, 1787, 1886, 1985, 2099, 2199, 2300, 2401, 2673, 2764, 2855, 2946, 3143, 3237, 3446, 3537, 7540, 7812, 8084, 8356, 8982, 9271, 9714, 9958, 40820, 41860)  
assert len(Cs	) == 55

Ba = (4.670,10.30,20.71,45.85,67.23,82.22,97.20,112.2,130.9,148.2,164.0,164.0,205.1,222.8,337.6,374.8,411.9,449.0,486.1,523.2,568.1,605.7,643.2,680.8,824.7,865.4,906.2,947.0,1011,1053,1160,1204,1878,1987,2097,2207,2316,2426,2557,2668,2780,2891,3187,3287,3386,3486,3730,3834,4062,4162,8855,9149,9444,9738,10520,10830,11330,11590,47400,48530)
 
Nd = (4.734,10.44,21.98,48.50,68.53,83.81,99.09,114.4,135.5,151.7,168.5,195.0,228.0,246.2,377.3,415.4,453.6,491.7,529.9,568.0,616.0,654.6,693.2,731.8,879.3,921.1,962.9,1005,1072,1116,1225,1270,1980,2092,2205,2317,2429,2541,2678,2791,2905,3019,3321,3423,3525,3627,3884,3991,4223,4326,9199,9500,9800,10100,10920,11240,11750,12020,49140,50290)
 
Pm = (4.796,10.57,23.11,50.89,69.75,85.32,100.9,116.4,138.4,155.0,174.0,201.8,229.6,251.6,270.2,418.8,458.0,497.2,536.3,575.5,614.7,665.8,705.5,745.1,784.8,935.8,978.6,1021,1064,1136,1180,1293,1339,2085,2200,2315,2430,2544,2659,2801,2917,3034,3150,3458,3562,3666,3770,4042,4151,4388,4493,9551,9856,10160,10470,11340,11660,12190,50910,52080)
 
Sm = (4.857,10.71,24.12,53.07,70.93,86.76,102.6,118.4,141.3,158.2,179.2,208.1,237.1,257.0,275.9,303.9,462.3,502.4,542.6,582.8,623.0,663.1,717.5,758.2,798.9,839.6,994.1,1038,1082,1125,1201,1246,1362,1409,2193,2310,2428,2545,2662,2780,2927,3046,3165,3284,3598,3704,3810,3916,4203,4314,4557,4664,9908,10220,10530,10840,11760,12090,12630,12920,52720,53910)
assert len(Sm) == 62

Eu =  (4.922,10.85,21.67,53.58,72.33,88.47,104.6,120.7,144.1,161.4,182.7,212.7,242.8,262.6,281.9,311.5,341.6,507.8,548.9,590.1,631.3,672.4,713.6,763.6,810.4,852.1,893.9,1054,1099,1143,1188,1267,1313,1433,1481,2303,2423,2543,2663,2783,2903,3054,3176,3298,3419,3740,3848,3957,4065,4367,4481,4729,4838,10270,10590,10910,11220,12190,12530,13090,13370,54560,55780)
assert len(Eu) == 63

Gd = (5.380,11.71,19.20,40.59,71.99,88.91,105.8,122.7,143.8,164.9,182.9,212.7,245.6,268.0,288.1,318.7,351.5,384.4,559.4,601.8,644.1,686.5,728.9,771.2,828.7,871.7,914.8,957.8,1123,1169,1215,1260,1343,1391,1514,1563,2424,2547,2669,2792,2914,3037,3193,3318,3442,3567,3893,4004,4115,4543,4660,4913,5025,10650,10970,11300,11620,12640,12990,13560,13850,56450,57700)
#assert len(Gd) == 64

Tb = (5.464,11.88,19.21,41.49,73.14,90.35,107.6,124.8,143.4,167.8,186.1,216.4,250.2,273.3,293.8,325.0,358.9,392.7,426.6,609.5,652.8,696.2,739.5,782.8,826.2,884.1,928.1,972.2,1016,1187,1234,1281,1328,1413,1463,1589,1639,2541,2666,2790,2915,3040,3165,3327,3454,3581,3708,4042,4155,4268,4380,4715,4835,5093,5207,11030,11360,11680,12010,13090,13450,14030,14330,58380,59640)

assert len(Tb) == 65

Dy = (5.107,11.25,23.91,55.82,76.28,93.26,110.3,127.2,152.3,170.5,192.2,224.1,258.6,279.1,299.6,332.7,365.8,398.8,431.9,464.9,655.1,699.3,743.4,787.5,831.6,875.7,932.1,977.0,1022,1067,1244,1292,1339,1387,1475,1525,1656,1707,2649,2776,2904,3031,3159,3286,3452,3581,3711,3841,4183,4298,4413,4528,4881,5002,5266,5383,11400,11740,12070,12410,13540,13910,14510,14810,60330,61620)

assert len(Dy) == 66

Ho = (5.167,11.38,24.50,57.40,77.53,94.79,112.1,129.3,154.9,173.5,196.5,229.4,262.3,284.5,305.4,339.4,373.4,407.3,441.3,475.3,509.3,707.7,752.8,797.9,843.0,888.1,933.2,990.0,1036,1082,1128,1311,1359,1408,1457,1548,1600,1735,1787,2769,2899,3029,3159,3289,3419,3590,3723,3855,3988,4336,4453,4570,4688,5059,5184,5452,5571,11790,12130,12470,12810,14010,14380,15000,15310,62330,63640)
#assert len(Ho) == 67

Er = (5.227,11.52,25.03,58.89,78.76,96.29,113.8,131.4,157.6,176.5,200.7,234.6,268.4,290.0,311.2,344.8,380.8,415.7,450.6,485.4,520.3,555.2,762.0,808.0,854.1,900.1,946.2,992.3,1049,1096,1143,1190,1379,1429,1478,1528,1623,1676,1815,1868,2892,3025,3157,3290,3423,3555,3731,3866,4001,4137,4492,4611,4731,4850,5241,5368,5643,5764,12190,12540,12880,13230,14490,14870,15500,15820,64370,65700)
assert len(Er) == 68

Tm = (5.287,11.65,25.50,60.29,79.98,97.77,115.6,133.4,160.2,179.5,204.8,239.5,273.7,295.4,317.7,352.4,387.2,423.9,459.6,495.4,531.1,566.9,602.6,817.9,864.9,911.9,958.9,1006,1053,1110,1158,1206,1254,1449,1500,1550,1601,1700,1754,1897,1951,3018,3153,3288,3423,3558,3693,3874,4012,4150,4288,4650,4772,4894,5015,5427,5557,5837,5961,12590,12950,13300,13650,14980,1570,16020,16340,66450,67810)
assert len(Tm) == 69

Yb = (5.347,11.78,25.93,61.62,81.18,99.24,117.3,135.4,162.9,182.4,208.7,244.4,278.8,300.9,324.2,359.9,395.6,431.3,468.6,505.2,541.8,578.4,614.9,651.5,875.4,923.4,971.4,1019,1067,1115,1173,1222,1271,1320,1521,1573,1624,1676,1779,1834,1981,2037,3146,3283,3421,3559,3696,3834,4020,4161,4302,4442,4812,4936,5060,5184,5617,5749,6035,6161,13000,13720,14070,15480,15880,16540,16870,68570,69950)

#assert len(Yb) == 70

Lu = (5.255,12.97,19.92,45.41,79.55,98.42,117.3,136.2,159.4,184.7,205.0,238.5,277.0,304.8,327.6,361.2,399.7,438.1,476.6,516.9,556.0,595.1,634.2,673.3,712.4,945.8,994.9,1044,1093,1142,1191,1251,1301,1351,1401,1608,1661,1714,1766,1875,1930,2082,2138,3291,3431,3571,3711,3851,3992,4184,4328,4471,4614,4991,5117,5243,5369,5826,5961,6252,6380,13440,13800,14160,14520,16010,16410,17090,17430,70740,72150)
assert len(Lu) == 71

Hf = (6.454,13.78,21.44,33.08,67.82,98.23,117.9,137.5,157.1,187.3,208.9,230.0,270.4,309.5,333.1,358.5,399.5,440.4,481.3,522.3,565.3,606.6,648.0,689.4,730.8,772.2,1015,1065,1115,1166,1216,1266,1328,1379,1431,1482,1695,1749,1802,1856,1970,2027,2182,2240,3437,3579,3722,3865,4007,4150,4349,4495,4641,4787,5171,5300,5428,5556,6037,6174,6471,6602,13870,14240,14610,14980,16540,16950,17650,17990,72960,74390)
assert len(Hf) == 72

Ta = (6.815,14.47,23.49,36.32,49.14,92.66,118.7,139.1,159.5,179.9,213.2,235.1,261.1,304.3,338.8,363.2,396.1,439.3,482.5,525.7,568.9,614.4,657.9,701.5,745.0,788.5,832.0,1084,1136,1187,1239,1290,1341,1405,1458,1511,1563,1782,1837,1891,1946,2066,2124,2284,2343,3584,3729,3875,4020,4165,4310,4515,4664,4813,4962,5353,5484,5614,5745,6250,6391,6693,6827,14310,14690,15060,15430,17080,17500,18220,18570,75210,76670)
assert len(Ta) == 73

W = (7.130,15.08,25.43,39.29,53.15,67.01,119.7,140.8,162.0,183.1,204.2,240.5,263.1,294.6,339.9,369.9,395.0,435.5,480.8,526.1,571.4,616.7,664.6,710.2,755.8,801.4,846.9,892.5,1154,1206,1259,1312,1365,1417,1483,1537,1591,1645,1870,1926,1981,2037,2163,2223,2386,2447,3734,3882,4029,4177,4325,4472,4684,4836,4987,5139,5538,5671,5803,5936,6468,6611,6919,7055,14760,15140,15520,15900,17630,18060,18800,19150,77510,78990)

assert len(W) == 74

Re = (7.480,15.73,25.89,41.49,56.33,71.17,86.01,142.9,164.8,186.6,208.4,2359,268.2,291.7,330.0,376.6,402.5,429.1,476.3,523.6,570.9,618.1,665.4,715.6,763.2,810.9,858.5,906.2,953.8,1225,1278,1332,1386,1440,1494,1563,1618,1673,1729,1959,2016,2073,2130,2262,2491,2553,3886,4036,4337,4487,4637,4856,5010,5164,5318,5725,5860,5995,6130,6690,6835,7149,7288,15210,15600,15980,16370,18200,19390,19750,79850,81360)
#assert len(Re) == 75 

Os = (7.800,16.34,27.71,42.70,59.29,75.04,90.80,106.5,167.7,190.2,212.7,235.2,269.6,297.5,321.8,367.3,410.0,436.6,469.8,518.9,568.1,617.2,666.4,715.6,767.9,817.6,916.9,966.5,1016,1296,1351,1407,1462,1517,1643,1699,1756,1812,2049,2107,2165,2223,2362,2425,2597,2660,4040,493,4346,4499,4651,4804,5030,5187,5343,5500,5915,6052,6190,6327,6915,7064,7384,7525,15670,16070,16460,16850,18770,19220,19990,20360,82240,83780)
#assert len(Os) == 76

Ir = (8.100,16.91,29.50,45.33,61.16,78.70,95.32,111.9,128.5,194.0,217.2,240.4,263.6,303.1,328.2,355.3,406.3,444.9,472.3,512.2,563.2,614.2,716.2,767.2,821.7,873.3,924.9,976.4,1028,1080,1369,1425,1482,1538,1595,1651,1724,1840,1897,2073,2132,2191,2250,2464,2528,2705,2705,2769,4197,4352,4508,4663,4818,4974,5207,5366,5526,5685,6108,6247,6387,6526,7145,7296,7622,7766,16140,16540,16940,17330,19360,19810,20610,20680,84670,86230)
#assert len(Ir) == 77

Pt = (7.719,19.24,35.25,51.27,67.28,38.29,101.0,117.9,134.3,151.7,221.1,244.9,268.6,292.4,332.4,358.3,392.3,445.0,507.1,554.0,606.8,659.5,712.3,765.1,817.8,874.3,927.8,981.2,1035,1088,1142,1441,1498,1556,1613,1671,1729,1804,1863,1922,1981,2231,2291,2352,2412,2566,2631,2812,2878,4354,4512,4670,4828,4985,5143,5384,5546,5708,5870,6301,6443,6584,6726,7377,7531,7863,8009,16610,17020,17420,17820,19960,20420,21230,21610,87150,88740)
#assert len(Pt) == 78

Au = (7.937,20.56,373.7,541.8,709.9,878.1,104.6,123.2,140.9,158.6,176.3,250.3,274.7,299.1,323.5,365.1,391.8,432.9,487.4,516.8,545.7,599.7,654.2,708.8,763.3,817.9,872.4,930.9,986.2,1042,1097,1152,1207,1516,1575,1634,1692,1751,1810,1888,1948,2009,2069,2325,2387,2448,2510,2671,2738,2924,2991,4516,4676,4837,4997,5158,5318,5566,5731,5896,6061,6500,6644,6787,6931,7615,7772,8111,8259,17090,17500,17910,18320,20570,21040,21870,22260,89680,91290)
assert len(Au) == 79

Hg = (8.926,18.50,34.78,52.93,71.09,89.24,107.4,125.6,145.8,164.8,183.8,202.8,281.5,306.7,331.9,357.1,401.3,428.8,477.4,528.7,558.4,593.2,649.5,705.9,762.2,818.5,874.8,931.1,991.8,1049,1106,1163,1220,1277,1595,1655,1715,1775,1836,1896,1976,2038,2099,2161,2424,2486,2549,2612,2782,2849,3040,3108,4683,4846,5009,5172,5335,5498,5754,5921,6089,6257,6704,6850,6996,7142,7861,8021,8366,8517,17580,18000,18410,18830,21190,21670,22530,22920,92250,93890)
assert len(Hg) == 80

Tl = (5.807,19.68,30.18,50.17,69.70,89.23,108.8,129.3,147.8,169.8,190.1,210.3,230.5,313.9,339.9,366.0,392.1,439.1,467.6,524.1,571.1,601.7,643.3,701.4,759.5,817.5,875.6,933.7,991.7,1055,1113,1172,1231,1349,1676,1737,1799,1860,1921,1983,2066,2129,2192,2255,2524,2588,2652,2716,2894,2963,3159,3229,4854,5019,5184,5350,5515,5681,5945,6115,6286,6456,6912,7060,7208,7357,8113,8275,8626,8780,18080,18500,18920,19340,21830,22320,232000,23600,94880,96540)
#assert len(Tl) == 81

Pb = (6.906, 15.99, 32.27, 43.59, 67.21, 87.98, 108.7, 129.5, 150.3, 171.0, 194.7, 216.1, 237.5, 258.8, 346.8, 373.7, 400.6, 427.5, 477.6, 507.1, 614.3, 645.8, 694.6, 754.4, 814.2, 874.0, 933.8, 993.6, 1053, 1118, 1179, 1240, 1300, 1361, 1421, 1758, 1820, 1883, 1946, 2008, 2071, 2157, 2221, 2285, 2350, 2625, 2690, 2755, 2821, 3008, 3079, 3279, 3350, 5026, 5194, 5362, 5530, 5698, 5866, 6139, 6312, 6485, 6658, 7122, 7273, 7423, 7574, 8368, 8534, 8891, 9048, 18580, 19010, 19440, 19860, 22480, 22980, 23880, 24290, 97550, 99250)


Bi = (6.799, 17.15, 26.85, 46.06, 58.16, 85.78, 107.7, 129.6, 151.4, 173.3, 195.2, 220.5, 243.0, 265.6, 288.1, 380.9, 408.9, 436.4, 464.1, 517.4, 547.8, 621.3, 658.8, 691.2, 747.5, 809.0, 870.6, 932.1, 993.6, 1055, 1117, 1184, 1246, 1308, 1371, 1433, 1496, 1841, 1905, 1969, 2033, 2097, 2161, 2249, 2315, 2380, 2446, 2729, 2795, 2861, 2927, 3125, 3197, 3402, 3474, 5202, 5372, 5543, 5713, 5884, 6054, 6335, 6511, 6687, 6863, 7336, 7489, 7642, 7795, 8629, 8797, 9161, 9321, 19100, 19530, 19960, 20390, 23150, 23650, 24580, 24990, 100300,102000)

assert len(Bi) == 83

Po = (8.012, 17.18, 29.01, 39.58, 61.26, 74.08, 105.7, 128.7, 151.7, 174.6, 197.6, 220.5, 247.3, 270.9, 294.6, 318.2, 415.8, 444.4, 473.0, 501.6, 558.2, 589.6, 671.2, 704.5, 738.7, 801.9, 865.1, 928.3, 991.5, 1055, 1181, 1181, 1250, 1315, 1379, 1443, 1507, 1571, 1926, 1991, 2056, 2121, 2186, 2251, 2343, 2410, 2477, 2544, 2833, 2900, 2968, 3035, 3243, 3317, 3527, 3601, 5380, 5553, 5726, 5899, 6072, 6245, 6535, 6714, 6893, 7071, 7552, 7708, 7863, 8018, 8895, 9066, 9436, 9599, 19610, 20050, 20490, 20930, 23830, 24300, 25290, 25710, 103100, 104800)

assert len(Po) == 84

At = (9.224, 19.10, 28.98, 42.48, 53.66, 77.79, 91.30, 127.0, 151.0, 175.0, 199.0, 222.9, 246.9, 275.1, 275.1, 299.9, 324.6, 349.4, 451.6, 481.1, 510.5, 540.0, 600.2, 632.5, 717.1, 751.3, 751.3, 792.8, 857.7, 922.6, 987.5, 1052, 1117, 1182, 1247, 1319, 1384, 1450, 1516, 1582, 1647, 2012, 2078, 2144, 2211, 2277, 2344, 2438, 2507, 2575, 2643, 2939, 3008, 3076, 3145, 3364, 3428, 3654, 3729, 5560, 5736, 5912, 6087, 6263, 6438, 6738, 6919, 7101, 7282, 7772, 7930, 8087, 8245, 9165, 9340, 9717, 9882, 20140, 20580, 21030, 21470, 24520, 25040, 26020, 26450, 105900, 107700)


Rn = (10.45, 20.99, 31.52, 42.06, 56.85, 68.99, 95.58, 109.8, 149.6, 174.6, 199.6, 224.5, 249.5, 274.5, 304.1, 329.9, 355.6, 381.4, 488.4, 518.8, 549.1, 579.4, 643.3, 676.5, 764.2, 799.3, 848.5, 915.0, 981.6, 1048, 1115, 1181, 1248, 1314, 1388, 1456, 1523, 1590, 1658, 1725, 2099, 2167, 2234, 2302, 2370, 2437, 2535, 2605, 2674, 2744, 3047, 3116, 3186, 3256, 3486, 3565, 3783, 3859, 5744, 5922, 6100, 6278, 6456, 6635, 6943, 7128, 7312, 7496, 7995, 8155, 8315, 8475, 9441, 9619, 10000, 10170, 20670, 21120, 21570, 22020, 25230, 25760, 26760, 27190, 108800, 110600)

assert len(Rn) == 86

Fr = (3.611, 20.02, 31.63, 43.25, 54.87, 71.74, 84.94, 114.2, 129.3, 174.5, 200.4, 226.4, 252.4, 278.4, 304.3, 335.6, 362.3, 389.1, 415.9, 527.6, 553.8, 590.0, 621.1, 689.0, 723.2, 814.0, 850.0, 907.1, 975.3, 1043, 1112, 1180, 1248, 1316, 1384, 1460, 1530, 1599, 1669, 1737, 1806, 2188, 2257, 2326, 2395, 2464, 2533, 2635, 2706, 2777, 2847, 3157, 3228, 3370, 3612, 3690, 3916, 3993, 5931, 6112, 6293, 6473, 6654, 6835, 7154, 7341, 7528, 7715, 8222, 8384, 8547, 8709, 9724, 9905, 10300, 10470, 21210, 21670, 22122, 22580, 25950, 26490, 27520, 27960, 111700, 113500)

Ra = (4.523, 9.930, 30.97, 43.49, 56.02, 68.55, 87.42, 101.6, 133.4, 149,4, 200.1, 227.1, 254.1, 281.0, 308.0, 334.9, 367.7, 395.5, 423.3, 451.1, 567.5, 599.5, 631.5, 663.5, 735.6, 770.7, 864.7, 901.6, 966.9, 1037, 1107, 1176, 1246, 1316, 1386, 1456, 1534, 1605, 1676, 1746, 1817, 1888, 2277, 2347, 2417, 2487, 2557, 2628, 2880, 2952, 3269, 3341, 3413, 3485, 3740, 3820, 4050, 4130, 6121, 6305, 6488, 6671, 6854, 7038, 7367, 7557, 7746, 7936, 8453, 8617, 8782, 8946, 10010, 10190, 10590, 10070, 21760, 22200, 22680, 23150, 26690, 27240, 28290, 28740, 114700, 116600)

Ac = (4.919, 11.04, 16.93, 43.36, 56.66, 69.95, 83.25, 104.3, 119.2, 153.0, 169.7, 226.2, 254.1, 282.1, 310.0, 337.9, 365.9, 400.4, 429.4, 458.0, 486.8, 607.8, 640.6, 673.5, 706.3, 782.8, 819.0, 916.0, 953.8, 1028, 1099, 1171, 1242, 1313, 1385, 1456, 1528, 1608, 1681, 1753, 1826, 1898, 1971, 2366, 2438, 2509, 2581, 2652, 2724, 2838, 2911, 2985, 3058, 3381, 3454, 3528, 3601, 3870, 3951, 4187, 4268, 6313, 6499, 6685, 6871, 7057, 7243, 7582, 7775, 7968, 8160, 8686, 8853, 9019, 9186, 10300, 10490, 10900, 11070, 22310, 22780, 23250, 23720, 27440, 28000, 29030, 29540, 11780, 119700)

Th = (5.620, 11.90, 18.66, 27.62, 57.22, 71.12, 85.20, 99.18, 122.6, 138.2, 173.6, 191.0, 253.3, 282.2, 311.1, 340.0, 368.9, 397.8, 434.4, 463.8, 493.6, 523.4, 649.0, 523.4, 649.0, 682.7, 716.4, 831.1, 868.4, 968.5, 1007, 1090, 1163, 1236, 1309, 1382, 1455, 1528, 1601, 1684, 1758, 1833, 1907, 1981, 2055, 2455, 2528, 2600, 2673, 2746, 2819, 2941, 3016, 3091, 3166, 3495, 3569, 3644, 3719, 4002, 4085, 4326, 4408, 6697, 6835, 7073, 7262, 7450, 7801, 7996, 8192, 8387, 8922, 9091, 9260, 9429, 10590, 10780, 11210, 11380, 22880, 23350, 23820, 24300, 28210, 28780, 29890, 30350, 120900, 122800)

Pa = (5.334, 114.5, 17.75, 28.91, 46.69, 74.36, 74.36, 88.37, 102.4, 116.4, 144.0, 159.9, 199.6, 217.3, 282.2, 311.8, 341.4, 371.0, 400.5, 430.1, 469.3, 499.7, 530.1, 560.5, 688.3, 722.7, 757.1, 791.4, 877.7, 915.7, 1018, 1058, 1149, 1224, 1298, 1373, 1448, 1522, 1597, 1672, 1757, 1833, 1909, 1985, 2061, 2136, 2540, 2614, 2688, 2763, 2837, 2911, 3042, 3118, 3194, 3270, 3606, 3631, 3757, 3833, 4132, 4216, 4462, 4546, 6701, 6892, 7083, 7274, 7465, 7656, 8081, 8216, 8415, 8613, 9157, 9328, 9500, 9671, 10890, 11080, 11520, 11700, 23440, 23920, 24400, 24880, 28990, 29570, 30710, 31180, 12400, 12600)

U = (5.414, 11.63, 18.09, 30.90, 49.91, 90.35, 104.7, 119.0, 133.3, 164.6, 180.9, 223.4, 241.6, 312.8, 343.1, 373.5, 403.8, 434.2, 464.5, 506.2, 537.4, 568.6, 599.8, 730.6, 765.7, 800.8, 836.0, 927.5, 966.3, 1072, 1112, 1212, 1288, 1365, 1441, 1517, 1593, 1670, 1746, 1834, 1912, 1989, 2065, 2144, 2221, 2630, 2705, 2780, 2856, 2931, 3006, 3146, 3223, 3301, 3146, 3223, 3301, 3379, 3718, 3795, 3718, 3795, 3872, 3949, 4267, 4352, 4604, 4689, 6899, 7093, 7286, 7480, 7683, 7867, 8240, 8442, 8643, 8844, 9397, 9571, 9744, 9918, 11190, 11390, 11830, 12020, 24020, 24500, 24990, 25470, 29790, 30380, 31550, 32030, 127300, 129300)

Np = (5.493, 11.80, 18.37, 32.75, 52.83, 72.91, 92.91, 106.7, 121.3, 135.9, 151.3, 185.8, 202.5, 249.9, 266.5, 344.5, 375.9, 407.0, 438.1, 469.2, 500.2, 544.6, 576.6, 608.5, 640.4, 774.1, 810.0, 845.9, 881.8, 978.8, 1019, 1127, 1168, 1277, 1355, 1432, 1510, 1588, 1666, 1744, 1822, 1912, 1991, 2071, 2150, 2229, 2308, 2721, 2797, 2874, 2950, 3027, 3104, 3251, 3330, 3409, 3438, 3832, 3910, 3988, 4066, 4403, 4490, 4747, 4834, 7100, 7296, 7492, 7688, 7884, 8080, 8466, 8670, 8874, 9078, 9640, 9816, 9992, 10170, 11500, 11700, 12350, 24600, 25050, 25580, 26070, 30610, 31210, 32890, 130600, 132600)

Pu = (5.113, 11.19, 20.70, 40.80, 60.90, 80.40, 94.89, 109.4, 123.9, 139.0, 159.0, 179.2, 209.3, 226.3, 275.7, 294.5, 376.6, 408.4, 440.1, 471.9, 503.6, 535.3, 583.0, 615.5, 648.0, 680.6, 816.0, 652.6, 889.1, 925.7, 1029, 1069, 1180, 1222, 1339, 1419, 1498, 1578, 1657, 1736, 1816, 1895, 1989, 2070, 2150, 2231, 2312, 2393, 2810, 2887, 2965, 3043, 3121, 3199, 335, 3433, 3514, 3594, 3943, 4023, 4102, 4192, 4539, 4629, 4890, 4978, 7300, 7498, 7697, 7896, 8094, 8293, 8691, 8879, 8878, 9105, 9312, 9883, 10060, 10240, 10420, 11820, 12020, 12490, 12680, 25180, 25680, 26180, 26680, 31440, 32060, 33780, 133900, 136000)

Am = (5.655, 12.15, 18.82, 36.15, 58.14, 80.12, 95.31, 110.4, 125.5, 140.6, 162.5, 184.5, 206.4, 230.2, 247.7, 298.8, 318.2, 412.9, 445.5, 478.0, 510.5, 543.1, 575.6, 625.7, 659.1, 692.5, 725.9, 865.1, 902.4, 939.7, 977.0, 1086, 1127, 1241, 1284, 1410, 1491, 1572, 1653, 1734, 1815, 1896, 977, 207.3, 215.6, 223.8, 232.0, 240.3, 248.5, 290.7, 298.6, 306.5, 314.4, 322.4, 330.3, 346.4, 354.6, 362.7, 370.9, 406.2, 414.2, 422.3, 430.4, 468.5, 477.5, 504.3, 513.2, 750.9, 771.0, 791.1, 811.3, 831.4, 851.5, 892.6, 913.6, 934.6, 955.6, 1014, 1032, 1068, 1214, 1235, 1283, 1302, 2578, 2629, 2679, 2729, 3230, 3292, 3417, 3467, 13730, 13940)

Cm = (5.667, 12.36, 18.96, 34.12, 59.59, 81.69, 97.05, 112.4, 127.8, 143.9, 166.8, 189.7, 212.5, 235.2, 271.3, 325.6, 345.5, 449.5, 482.7, 515.9, 549.2, 582.4, 615.4, 666.6, 700.8, 735.0, 769.2, 912.5, 950.5, 988.6, 1027, 1141, 1184, 1300, 1344, 1480, 1562, 1645, 1727, 1810, 1892, 1975, 2057, 2156, 2240, 2324, 2408, 2492, 2576, 3003, 3083, 3163, 3244, 3324, 3405, 3573, 3656, 3739, 3822, 4178, 4260, 4423, 4829, 4921, 5194, 5285, 7718, 7921, 8125, 8329, 8533, 8737, 9161, 9373, 9586, 9799, 10390, 10570, 10760, 10940, 12470, 12680, 13170, 13370, 26390, 26900, 27400, 27910, 33170, 33810, 35070, 35590, 140800, 143000)

Bk = (5.493, 12.57, 19.27, 35.51, 58.38, 83.07, 98.07, 114.3, 130.0, 147.2, 170.9, 194.6, 218.3, 240.3, 258.6, 278.8, 302.5, 353.3, 373.5, 487.4, 521.3, 555.2, 589.1, 623.0, 656.9, 708.8, 743.7, 778.7, 813.6, 961.2, 999.9, 1039, 1077, 1198, 1241, 1361, 1406, 1550, 1634, 1719, 1803, 1887, 1971, 2055, 2139, 2240, 2325, 2411, 2496, 2582, 2668, 3100, 3191, 3253, 3345, 3426, 3508, 3634, 3768, 3852, 3937, 4296, 4379, 4462, 4545, 4976, 5069, 5348, 5441, 7929, 8135, 8342, 8548, 8755, 8961, 9398, 9614, 9830, 10050, 10650, 10830, 11020, 11200, 12810, 13020, 13520, 13720, 27000, 27510, 28030, 28540, 34060, 34710, 36000, 36520, 144400, 146600)

Cf = (5.409, 11.83, 22.31, 44.90, 67.49, 86.40, 101.9, 117.5, 133.0, 152.2, 177.7, 201.5, 225.2, 246.9, 265.5, 286.1, 30.99, 33.36, 38.44, 40.49, 52.45, 55.90, 59.24, 55.90, 59.34, 62.79, 66.24, 69.68, 74.82, 78.38, 81.94, 85.50, 100.7, 104.7, 108.6, 112.5, 125.1, 129.6, 141.9, 146.5, 161.8, 170.4, 178.9, 187.5, 196.1, 204.6, 249.5, 258.2, 266.9, 275.6, 319.4, 327.7, 336.0, 344.3, 352.6, 360.8, 379.1, 387.7, 396.3, 404.9, 441.1, 449.5, 458.0, 466.4, 512.0, 521.6, 550.0, 559.5, 813.9, 834.8, 855.6, 876.5, 897.4, 918.3, 963.4, 985.3, 1007, 1029, 1090, 1109, 1128, 1146, 1314, 1336, 1388, 1408, 2761, 2813, 2865, 2918, 3497, 3563, 3694, 3747, 14800, 15020)

Es = (5.480, 11.98, 23.35, 46.78, 70.02, 87.70, 103.5, 119.2, 135.0, 156.7, 180.1, 206.4, 231.0, 251.9, 270.8, 293.4, 317.9, 34.25, 36.70, 41.35, 43.45, 56.48, 59.99, 59.99, 63.51, 67.02, 70.53, 74.05, 79.26, 82.89, 86.53, 90.16, 105.8, 109.8, 113.8, 117.8, 131.1, 135.6, 148.3, 153.0, 169.2, 177.9, 186.6, 195.3, 204.0, 212.7, 221.5, 230.2, 240.7, 249.6, 258.5, 267.3, 276.3, 285.1, 329.4, 337.8, 346.2, 354.6, 363.1, 371.5, 390.5, 399.2, 407.9, 416.6, 453.2, 461.8, 470.3, 478.9, 527.2, 536.9, 566.0, 575.6, 835.5, 856.7, 877.8, 899.0, 920.1, 941.3, 987.8, 1010, 1032, 1054, 1116, 1135, 1154, 1173, 1349, 1371, 1424, 1445, 2823, 2876, 2929, 2982, 3590, 3650, 3791, 3845, 15170, 15400)

Fm = (5.551, 12.14, 24.36, 48.58, 72.80, 88.96, 105.0, 120.9, 136.9, 161.0, 185.2, 209.4, 236.5, 256.8, 276.2, 300.4, 325.7, 351.1, 376.4, 401.7, 443.5, 464.9, 606.4, 642.2, 678.0, 713.8, 749.5, 785.3, 838.1, 875.2, 912.3, 949.4, 1110, 1151, 1192, 1233, 1372, 1418, 1548, 1596, 1767, 1855, 1944, 2033, 2121, 2299, 2388, 2499, 2586, 2766, 2856, 2947, 3395, 3481, 3566, 3652, 3737, 3823, 4019, 4107, 4196, 4284, 4655, 4742, 4829, 4916, 5427, 5526, 5822, 5920, 8574, 8739, 9003, 9217, 9431, 10120, 10350, 10570, 10800, 11430, 11620, 11810, 12010, 13840, 14070, 14620, 14830, 28870, 29400, 29940, 30470, 36860, 37540, 38900, 39450, 155500, 157800)

Md = (5.624, 12.29, 25.33, 50.32, 73.96, 90.18, 106.4, 122.6, 140.2, 165.1, 190.1, 215.1, 240.1, 261.8, 281.5, 307.2, 333.3, 359.4, 385.4, 411.5, 437.6, 474.3, 496.1, 649.2, 685.7, 722.1, 758.6, 795.0, 831.4, 884.9, 922.7, 960.6, 998.4, 1164, 1205, 1247, 1288, 1435, 1482, 1615, 1664, 1843, 1934, 2024, 2294, 2385, 2475, 2585, 2677, 2769, 2861, 2952, 3044, 3498, 3585, 3672, 3759, 3845, 3932, 4134, 4224, 4314, 4404, 4780, 4868, 4956, 5044, 5585, 5685, 5987, 6087, 8796, 9013, 9230, 9447, 9663, 9880, 10370, 10600, 10830, 11060, 11700, 11890, 12090, 12280, 14200, 14430, 15000, 15210, 29510, 30050, 30590, 31130, 37830, 38530, 39910, 40470, 159400, 161700)

No = (5.697, 12.45, 26.27, 52.00, 74.92, 91.35, 107.8, 124.2, 143.4, 169.2, 194.9, 220.6, 246.3, 266.8, 286.9, 312.2, 340.6, 367.4, 394.2, 421.0, 447.8, 474.7, 506.1, 528.3, 693.3, 730.4, 767.5, 804.6, 841.7, 878.8, 932.8, 971.4, 1010, 1049, 1218, 1261, 1303, 1345, 1499, 1547, 1684, 1733, 1921, 2013, 2105, 2197, 2288, 2380, 2472, 2564, 2676, 2770, 2863, 2957, 3050, 3143, 3603, 3691, 3779, 3867, 3955, 4043, 4252, 4343, 4434, 4525, 4907, 4996, 5085, 5175, 5746, 5848, 6156, 6257, 9021, 9241, 9460, 9679, 9898, 10120, 10630, 10960, 11320, 11970, 12170, 12370, 12560, 14570, 14800, 15390, 15600, 30160, 30700, 31250, 31800, 38800, 39550, 40940, 41510, 163300, 165700)

Lw = (4.312, 14.00, 21.36, 42.78, 70.16, 90.13, 107.2, 124.3, 141.3, 165.8, 193.2, 220.5, 247.9, 269.4, 290.1, 316.7, 344.1, 374.5, 402.7, 430.9, 459.2, 487.4, 513.6, 536.5, 561.3, 742.2, 780.0, 817.9, 855.7, 893.6, 931.4, 987.4, 1027, 1066, 1105, 1280, 1322, 1322, 1365, 1408, 1570, 1619, 1760, 1810, 2007, 2100, 2193, 2287, 2380, 2473, 2566, 2660, 2775, 2870, 2965, 3060, 3155, 3250, 3715, 3804, 3894, 3983, 4072, 4161, 4377, 4470, 4562, 4655, 5042, 5132, 5915, 6019, 6333, 6436, 9255, 9477, 9698, 9920, 10400, 10360, 10890, 11120, 11360, 11590, 12250, 12850, 14950, 15190, 15790, 16010, 30820, 31370, 31920, 32470, 39860, 40590, 42010, 42590, 167300, 169700) 
  	
 +	#parse input
 +	index = nucname.znum(element)
  	#element tuples
 -	element = (null,null,He, Li ,Be ,B ,C ,N ,O ,F ,Ne ,Na ,Mg ,Al ,Si ,P ,S ,Cl ,Ar ,K ,Ca ,Sc ,Ti,V ,Cr,Mn,Fe ,Co ,Ni ,Cu ,Zn ,Ga ,Ge ,As ,Se ,Br ,Kr ,Rb ,Sr ,Y ,Zr ,Mo ,Tc ,Ru ,Rh ,Pd ,Ag ,Cd ,In ,Sn ,Sb ,Te ,I ,Xe ,Cs ,Ba ,La ,Ce ,Pr ,Nd ,Pm ,Sm ,Eu ,Gd ,Tb ,Dy ,Ho ,Er ,Tm ,Yb ,Lu ,Hf ,Ta ,W ,Re ,Os ,Ir ,Pt ,Au ,Hg ,Tl ,Pb ,Bi ,Po ,At ,Rn ,Fr ,Ra ,Ac ,Th ,Pa,U,Np,Pu,Am,Cm ,Bk,Cf,Es)
 +	elements = (null,null,He, Li ,Be ,B ,C ,N ,O ,F ,Ne ,Na ,Mg ,Al ,Si ,P ,S ,Cl ,Ar ,K ,Ca ,Sc ,Ti,V ,Cr,Mn,Fe ,Co ,Ni ,Cu ,Zn ,Ga ,Ge ,As ,Se ,Br ,Kr ,Rb ,Sr ,Y ,Zr ,Mo ,Tc ,Ru ,Rh ,Pd ,Ag ,Cd ,In ,Sn ,Sb ,Te ,I ,Xe ,Cs ,Ba ,La ,Ce ,Pr ,Nd ,Pm ,Sm ,Eu ,Gd ,Tb ,Dy ,Ho ,Er ,Tm ,Yb ,Lu ,Hf ,Ta ,W ,Re ,Os ,Ir ,Pt ,Au ,Hg ,Tl ,Pb ,Bi ,Po ,At ,Rn ,Fr ,Ra ,Ac ,Th ,Pa,U,Np,Pu,Am,Cm ,Bk,Cf,Es)
  	#individual tuples
  	He = [null]
  	Li = [null]
 @@ -106,4 +109,5 @@ def function(element,charge):
  	#GO BEARS!!!!
  	Cf = [null]
  	Es = [null]
 +	return elements[index][charge]
  	pass
