1  52  54    1.70    0.04
1  52  56   1.632   0.014
1  52  58    1.57    0.05
1  54  56    1.70    0.06	  
0  54  58    1.64    0.06	  
0  60  84   1.596   0.009	  
0  62  84   1.569   0.008	  
0  62  86    1.57    0.02	  
0  64  84   1.570   0.003	  
0  64  86   1.572   0.012	  
0  64  88   1.574   0.007	  
0  66  84   1.566   0.010	  
0  66  86   1.580   0.009	  
0  66  88    1.54    0.04	  
0  68  84   1.567   0.004	  
0  68  86   1.551   0.024	  
0  70  84  1.5570  0.0025
0  70  86   1.596   0.019	  
0  70  88    1.53    0.06	  
0  72  84   1.552   0.006	  
0  72  86   1.562   0.003	  
0  72  88   1.548   0.020	  
0  72  90   1.570   0.013	  
0  72 102    1.55    0.06	  
0  74  86   1.557   0.010	  
0  74  88   1.569   0.009	  
0  74  90   1.567   0.024	  
0  74  94    1.56    0.04	  
0  76  86   1.563   0.033	  
0  76  88   1.552   0.013	  
0  76  90   1.556   0.016	  
0  76  92   1.563   0.011	  
0  76  94   1.550   0.030	  
0  76  96    1.56    0.02	  
0  76  98    1.53    0.04	  
0  76 110    1.49    0.03	  
0  78  88   1.551   0.028	  
0  78  90   1.554   0.017	  
0  78  92   1.561   0.006	  
0  78  94   1.558   0.008	  
0  78  96   1.553   0.014	  
0  78  98   1.559   0.010	  
0  78 100    1.54    0.03	  
0  78 102    1.53    0.04	  
0  78 104   1.538   0.025	  
0  78 106   1.536   0.031	  
1  78 108    1.50    0.02	  
0  78 110   1.470   0.017	  
0  78 112   1.474   0.010	  
0  80  96    1.55    0.03	  
1  80  98   1.545   0.010	  
0  80 100   1.533   0.008	  
0  80 102   1.522   0.005	  
0  80 104   1.512   0.011	  
0  80 106   1.504   0.027	  
0  80 108   1.481   0.028	  
0  82  98    1.53    0.04	  
0  82 100    1.51    0.05	  
0  82 102   1.505   0.013	  
1  82 104    1.50    0.02	  
0  82 106   1.491   0.014	  
0  82 108   1.462   0.025	  
0  82 110   1.500   0.013	  
0  82 112   1.432   0.023	  
0  82 128   1.449   0.042	  
0  84 106    1.54    0.02	  
0  84 108   1.511   0.008	  
0  84 110   1.511   0.006	  
0  84 112   1.506   0.006	  
0  84 114   1.496   0.003 
0  84 116  1.4803  0.0026
0  84 118  1.4719  0.0031
0  84 120  1.4617  0.0017
0  84 122  1.4550  0.0017
0  84 124  1.4296  0.0008
0  84 126 1.40882 0.00010 
0  84 128  1.5212  0.0004
0  84 130  1.5394  0.0006  
0  84 132  1.5408  0.0009
0  84 134  1.5379  0.0007
0  86 112   1.551   0.010 
0  86 114   1.522   0.009	  
0  86 116   1.516   0.007	  
0  86 118   1.504   0.003	  
0  86 120   1.492   0.007	  
0  86 122   1.476   0.006	  
0  86 124  1.4571  0.0033
0  86 126  1.4343  0.0034
0  86 128   1.532   0.006	  
0  86 130  1.5649  0.0008  
0  86 132   1.559   0.008	  
0  86 134  1.5555  0.0002
0  86 136  1.5487  0.0002
2  88 114    1.60    0.10 	  
0  88 116   1.533   0.004	  
0  88 118   1.527   0.008	  
0  88 120   1.495   0.014	  
0  88 122   1.487   0.006	  
0  88 124   1.467   0.010	  
0  88 126  1.4552  0.0021  
0  88 128   1.541   0.005	  
0  88 130   1.563   0.004 
0  88 132   1.556   0.008	  
0  88 134  1.5446  0.0019
0  88 136  1.5419  0.0006
0  88 138  1.5397  0.0004  
0  90 122   1.510   0.027	  
0  90 124   1.492   0.016	  
0  90 126   1.466   0.006	  
0  90 128   1.554   0.009	  
0  90 130   1.566   0.009	  
0  90 132   1.539   0.008	  
0  90 134   1.536   0.005	  
0  90 136  1.5383  0.0008
0  90 138  1.5332  0.0008  
0  90 140  1.5331  0.0013  
0  90 142  1.5361  0.0022
2  92 126    1.46    0.09 	  
0  92 132   1.527   0.030	  
0  92 134   1.522   0.022	  
0  92 136   1.524   0.009 
0  92 138   1.531   0.005	  
0  92 140  1.5289  0.0005
0  92 142  1.5216  0.0005
0  92 144   1.527   0.003	  
0  92 146   1.536   0.003	  
0  94 140   1.518   0.025	  
0  94 142  1.5103  0.0003  
0  94 144  1.5075  0.0002
0  94 146  1.5168  0.0003
0  94 148  1.5143  0.0009
0  94 150  1.5062  0.0010
0  96 144  1.4949  0.0018
0  96 146  1.5013  0.0010
0  96 148  1.4979  0.0007
0  96 150  1.4954  0.0010
0  96 152  1.4963  0.0008
0  98 142   1.491   0.017   
0  98 144   1.490   0.020	  
0  98 146   1.495   0.012	  
0  98 148  1.4953  0.0009
0  98 150  1.4851  0.0024  
0  98 152  1.4836  0.0005  
0  98 154  1.5012  0.0006  
0  98 156   1.517   0.004	  
0 100 148   1.490   0.013   
1 100 150   1.478   0.014	  
0 100 152  1.4670  0.0008  
0 100 154  1.4888  0.0008
0 100 156   1.500   0.003	  
1 102 150   1.474   0.016   
0 102 152   1.465   0.007	  
0 102 154  1.4765  0.0019  
