  1    M
  1  2 M
  2    M
  2  2 M
  3    M
  3  2 M
  4    M
  4  2 M
  5    M 0.0010 3 0.0               0.1880   4
  5  2 M                      0.17         0.1
  6    M 0.0020 4 0.0               0.2838   4
  6  2 M                      0.26         0.2
  7    M 0.0035 9 0.0               0.4016   4
  7  2 M                      0.38         0.3
  8    M 0.005812 0.0               0.5320   4 0.0237   4
  8  2 M                      0.52         0.5249   7 0.5
  9    M 0.009018 0.0               0.6854   4 0.031    1
  9  2 M                      0.66         0.6768   8 0.6
 10    M 0.0152 8 0.0      1.985 6  0.8669   3 0.045    1
 10  2 M           0.5028 25  0.82         0.8486   2 0.8486   2 0.86
 11    M 0.0213 9 0.0      1.962 6  1.0721   4 0.0633   4
 11  2 M 0.0084 25 0.5029 25  0.99         1.0410   3 1.0410   3 1.07
 12    M 0.0291 9 0.0      1.938 6  1.3050   4 0.0894   4
 12  2 M 0.017 4   0.5031 25  1.18         1.2536   4 1.2536   4 1.30
 13    M 0.0387 120.0010 5 1.921 6  1.5596   4 0.1177   4
 13  2 M 0.021 3   0.5033 25  1.39         1.48670  2 1.48627  2 1.56
 14    M 0.0504 130.0011 6 1.895 7  1.8389   4 0.1487   4
 14  2 M 0.029 3   0.5037 25  1.61         1.73998  3 1.73938  3 1.84
 15    M 0.0642 160.0012 6 1.857 7  2.1455   4 0.1893   4
 15  2 M 0.043 4   0.5048 25  1.85         2.0137   3 2.0127   3 2.14
 16    M 0.0804 190.0013 6 1.807 7  2.4720   4 0.2292   4
 16  2 M 0.062 4   0.5053 25  2.11         2.30784  4 2.30664  4 2.47
 17    M 0.0989 240.0014 5 1.751 6  2.8224   3 0.2702   4 0.0175   4
 17  2 M 0.086 4   0.5056 25  2.38         2.62239  6 2.62078  6 2.82
 18    M 0.1199 280.0015 5 1.697 6  3.2029   3 0.320    1 0.0253   4
 18  2 M 0.1079 30 0.5049 25  2.66         2.95770  3 2.95563  3 3.19
 19    M 0.143 4  0.0016 5 1.654 6  3.6074   4 0.3771   4 0.0339   4
 19  2 M 0.1225 24 0.5055 25  2.97         3.3138   2 3.3111   3 3.59
 20    M 0.169 4  0.0018 6 1.621 6  4.0381   4 0.4378   4 0.0437   4
 20  2 M 0.1296 23 0.5061 25  3.30    0.31 3.69168  4 3.68809  4 4.01  0.34
 21    M 0.196 5  0.0020 7 1.594 5  4.4928   4 0.5004   4 0.0538   4
 21  2 M 0.1319 21 0.5069 25  3.64    0.37 4.0906   2 4.0861   2 4.46  0.40
 22    M 0.226 5  0.0021 7 1.567 5  4.9664   4 0.5637   4 0.0603   4
 22  2 M 0.1325 18 0.5076 25  4.00    0.42 4.51084  4 4.50486  4 4.93  0.45
 23    M 0.256 5  0.0023 8 1.538 5  5.4651   3 0.6282   4 0.0665   4
 23  2 M 0.1334 16 0.5083 25  4.38    0.47 4.95220  4 4.94464  4 5.43  0.51
 24    M 0.289 5  0.0026 9 1.508 5  5.9892   3 0.6946   4 0.0741   4
 24  2 M 0.1346 14 0.5091 25  4.78    0.54 5.41472  5 5.40551  5 5.95  0.57
 25    M 0.321 5  0.0047 7 1.478 4  6.5390   4 0.7690   4 0.0839   5
 25  2 M 0.1359 14 0.5099 25  5.19    0.61 5.89875  3 5.88765  3 6.49  0.64
 26    M 0.355 4  0.0060 6 1.447 4  7.1120   9 0.8461   4 0.0929   9
 26  2 M 0.1368 14 0.5107 25  5.62    0.67 6.40384  3 6.39084  3 7.06  0.70
 27    M 0.388 4  0.0072 5 1.418 4  7.7089   3 0.9256   4 0.1007   4
 27  2 M 0.1372 14 0.5116 25  6.07    0.75 6.93032  4 6.91530  4 7.65  0.78
 28    M 0.421 4  0.0084 4 1.388 4  8.3328   4 1.0081   4 0.1118   6
 28  2 M 0.1378 14 0.5124 25  6.54    0.84 7.47815  4 7.46089  4 8.26  0.85
 29    M 0.454 4  0.0097 4 1.357 4  8.9789   4 1.0966   4 0.1198   6
 29  2 M 0.1391 14 0.5133 25  7.03    0.92 8.04778  1 8.02783  1 8.91  0.93
 30    M 0.486 4  0.0108 4 1.326 4  9.6586   6 1.1936   9 0.1359  11
 30  2 M 0.1417 12 0.5142 25  7.53    0.99 8.63886  5 8.61578  5 9.57  1.01
 31    M 0.517 4  0.0123 4 1.295 4  10.3671  5 1.2977  11 0.1581   5
 31  2 M 0.1457 12 0.5146 25  8.04    1.10 9.25174  7 9.22482  7 10.3  1.10
 32    M 0.546 4  0.0140 4 1.263 4  11.103   7 1.4143   7 0.1800   8
 32  2 M 0.1509 12 0.5149 25  8.56    1.19 9.88642  7 9.85532  7 11.0  1.19
 33    M 0.575 4  0.0155 5 1.232 4  11.8667  7 1.5265   8 0.2035   7
 33  2 M 0.1566 13 0.5153 25  9.11    1.24 10.5437  1 10.5080  1 11.7  1.28
 34    M 0.602 4  0.0175 5 1.203 4  12.6578  7 1.6539  35 0.2315   7
 34  2 M 0.1626 13 0.5158 25  9.67    1.32 11.2224  2 11.1814  2 12.5  1.38
 35    M 0.628 4  0.0194 5 1.175 4  13.4737  4 1.7820   4 0.2565   4 0.0273   5
 35  2 M 0.1683 14 0.5181 25  10.2    1.41 11.9242  2 11.8776  2 13.3  1.48
 36    M 0.652 4  0.0215 6 1.149 4  14.3256  8 1.9210   6 0.288    1 0.0240   8
 36  2 M 0.1737 14 0.5186 25  10.8    1.50 12.649   2 12.598   2 14.1  1.59
 37    M 0.674 4  0.0237 6 1.125 4  15.1997  3 2.0651   3 0.3221   3 0.0293   3
 37  2 M 0.1788 15 0.5195 25  11.4    1.68 13.3953  2 13.3358  2 15.0  1.69
 38    M 0.696 4  0.0262 7 1.102 4  16.1046  3 2.2163   3 0.3575   3 0.0377   3
 38  2 M 0.1835 15 0.5205 25  12.1    1.79 14.1650  2 14.0979  2 15.8  1.81
 39    M 0.716 4  0.0289 7 1.081 4  17.0384  3 2.3725   3 0.3936   3 0.0454   3
 39  2 M 0.1878 16 0.5215 25  12.7    1.91 14.9584  2 14.8829  2 16.7  1.92
 40    M 0.734 4  0.0317 8 1.062 4  17.9976  4 2.5316   3 0.4303   3 0.0513   3
 40  2 M 0.1918 16 0.5225 25  13.4    2.02 15.7751  2 15.6909  2 17.7  2.04
 41    M 0.751 4  0.0347 9 1.045 4  18.9856  4 2.6977   3 0.4684   3 0.0581   3
 41  2 M 0.1953 16 0.5236 25  14.0    2.15 16.6151  2 16.5210  2 18.6  2.17
 42    M 0.767 4  0.0381 9 1.029 4  19.9995  3 2.8655   3 0.5046   3 0.0618   3
 42  2 M 0.1986 16 0.5247 25  14.8    2.27 17.4793  1 17.3743 14 19.6  2.29
 43    M 0.782 4  0.0415 101.014 4  21.0440  7 3.0425   4 0.544    1 0.068    2
 43  2 M 0.2017 17 0.5259 25  15.5    2.17 18.3671  8 18.2508  8 20.6  2.42
 44    M 0.796 4  0.0453 111.000 4  22.1172  3 3.2240   3 0.5850   3 0.0749   3
 44  2 M 0.2045 17 0.5270 25  16.2    2.53 19.2792  2 19.1504  2 21.7  2.56
 45    M 0.809 4  0.0494 120.987 4  23.2199  3 3.4119   3 0.6271   3 0.0810   3
 45  2 M 0.2072 17 0.5282 25  17.0    2.39 20.2161  2 20.0737  2 22.7  2.70
 46    M 0.820 4  0.0536 130.975 4  24.3503  3 3.6043   3 0.6699   3 0.0864   3
 46  2 M 0.2099 17 0.5293 25  17.7    2.50 21.1771  2 21.0201  2 23.8  2.84
 47    M 0.831 4  0.0583 140.964 4  25.5140  3 3.8058   3 0.7175   3 0.0952   3
 47  2 M 0.2125 17 0.5305 25  18.5    2.61 22.1629  1 21.9903  3 24.9  2.98
 48    M 0.842 4  0.0632 160.953 4  26.7112  3 4.0180   3 0.7702   3 0.1076   3
 48  2 M 0.2151 18 0.5317 25  19.3    2.72 23.1736  2 22.9841  2 26.1  3.13
 49    M 0.851 4  0.0684 200.944 4  27.9399  3 4.2375   3 0.8256   3 0.1219   3
 49  2 M 0.2178 18 0.5330 25  20.1    2.84 24.2097  2 24.0020  2 27.3  3.29
 50    M 0.860 4  0.0740 250.934 4  29.2001  4 4.4647   3 0.8838   3 0.1365   4
 50  2 M 0.2206 18 0.5343 25  21.0    2.95 25.2713  2 25.0440  2 28.5  3.44
 51    M 0.868 4  0.0796 300.925 4  30.4912  3 4.6983   3 0.9437   3 0.1520   3
 51  2 M 0.2236 23 0.5356 25  21.8    3.07 26.3591  2 26.1108  2 29.7  3.60
 52    M 0.875 4  0.0862 350.917 4  31.8138  3 4.9392   3 1.0060   3 0.1683   3
 52  2 M 0.2266 23 0.5370 25  22.7    3.19 27.4723  2 27.2017  2 31.0  3.77
 53    M 0.882 4  0.092 4  0.909 4  33.1694  4 5.1881   3 1.0721   3 0.1864   3
 53  2 M 0.2296 23 0.5384 25  23.6    3.31 28.6120  3 28.3172  4 32.3  3.94
 54    M 0.888 5  0.097 5  0.902 4  34.5614 11 5.4528   4 1.142    1 0.208    1
 54  2 M 0.2327 24 0.5398 25  24.6    3.43 29.779   1 29.458   1 33.6  4.11
 55    M 0.894 4  0.104 5  0.895 4  35.9846  4 5.7143   4 1.2171   4 0.2308   4
 55  2 M 0.2358 24 0.5413 25  25.5    3.55 30.9728  3 30.6251  3 35.0  4.29
 56    M 0.900 4  0.110 5  0.888 4  37.4406  4 5.9888   4 1.2928   4 0.2530   5
 56  2 M 0.2387 24 0.5428 25  26.4    3.67 32.1936  3 31.8171  3 36.4  4.47
 57    M 0.905 4  0.117 5  0.882 4  38.9246  4 6.2663   5 1.3613   3 0.2704   8
 57  2 M 0.2416 25 0.5444 25  27.4    3.80 33.4418  2 33.0341  2 37.8  4.65
 58    M 0.910 4  0.125 5  0.876 4  40.4430  4 6.5488   5 1.4346   6 0.2896   7
 58  2 M 0.2443 25 0.5460 25  28.4    3.94 34.7197  2 34.2789  2 39.3  4.84
 59    M 0.914 4  0.132 5  0.871 4  41.9906  5 6.8348   5 1.5110   8 0.3045   9
 59  2 M 0.2469 25 0.5476 25  29.4    4.08 36.0263  2 35.5502  2 40.7  5.03
 60    M 0.918 4  0.140 6  0.866 4  43.5689  4 7.1260   4 1.5753   7 0.3152   8
 60  2 M 0.2492 25 0.5491 25  30.5    4.23 37.3610  3 36.8474  3 42.3  5.23
 61    M 0.922 4  0.148 6  0.861 4  45.1840  7 7.4279   8 1.649    5 0.330    5
 61  2 M 0.2513 26 0.5508 25  31.5    4.38 38.7247  5 38.1712  5 43.8  5.43
 62    M 0.926 4  0.158 6  0.857 4  46.8342  5 7.7368   5 1.7228   8 0.3457   9
 62  2 M 0.2533 26 0.5525 25  32.6    4.53 40.1181  3 39.5224  3 45.4  5.64
 63    M 0.929 4  0.168 7  0.853 4  48.5190  4 8.0520   4 1.8000   5 0.3602   7
 63  2 M 0.2550 26 0.5542 25  33.7    4.69 41.5422  3 40.9019  3 47.0  5.85
 64    M 0.932 4  0.176 6  0.850 4  50.2391  5 8.3756   5 1.8808   5 0.3758   7
 64  2 M 0.2566 26 0.5559 25  34.9    4.84 42.9962  3 42.3089  3 48.7  6.06
 65    M 0.935 4  0.186 8  0.847 4  51.9957  5 8.7080   5 1.9675   6 0.3979   8
 65  2 M 0.2581 26 0.5577 25  36.0    5.00 44.4816  3 43.7441  3 50.4  6.27
 66    M 0.938 4  0.196 8  0.844 4  53.7885  5 9.0458   5 2.0468   4 0.4163   5
 66  2 M 0.2594 26 0.5596 25  37.2    5.16 45.9984  4 45.2078  4 52.1  6.50
 67    M 0.940 4  0.206 8  0.841 4  55.6177  5 9.3942   4 2.1283   6 0.4357   8
 67  2 M 0.2607 27 0.5615 25  38.4    5.33 47.5467  4 46.6997  4 53.9  6.72
 68    M 0.942 4  0.216 9  0.838 4  57.4855  5 9.7513   4 2.2065   6 0.4491  10
 68  2 M 0.2619 27 0.5634 25  39.7    5.50 49.1277  4 48.2211  4 55.7  6.95
 69    M 0.945 4  0.227 9  0.836 4  59.3896  5 10.1157  4 2.3068   7 0.4717   9
 69  2 M 0.2630 27 0.5664 25  40.9    5.67 50.7416  4 49.7726  4 57.5  7.18
 70    M 0.947 4  0.238 10 0.833 4  61.3323  5 10.4864  4 2.3981   4 0.4872   6
 70  2 M 0.2641 27 0.5673 25  42.2    5.84 52.3889  5 51.3540  5 59.4  7.42
 71    M 0.949 4  0.248 10 0.831 4  63.3138  5 10.8704  4 2.4912   5 0.5062   6
 71  2 M 0.265 4   0.5694 25  43.5    6.02 54.0698  5 52.9650  5 61.3  7.66
 72    M 0.951 4  0.260 10 0.829 4  65.3508  6 11.2707  4 2.6009   4 0.5381   4
 72  2 M 0.266 4   0.5714 25  44.8    6.18 55.7902  8 54.6114  8 63.2  7.90
 73    M 0.952 4  0.272 11 0.827 4  67.4164  6 11.6815  3 2.7080   4 0.5655   5
 73  2 M 0.267 4   0.5736 25  46.2    6.35 57.532   1 56.277   1 65.2  8.15
 74    M 0.954 4  0.283 11 0.825 4  69.5250  3 12.0998  3 2.8196   4 0.5950   4
 74  2 M 0.268 4   0.5757 25  45.7    6.53 59.3182  1 57.9817  5 67.2  8.40
 75    M 0.955 4  0.295 12 0.823 4  71.6764  4 12.5267  4 2.9317   4 0.6250   4
 75  2 M 0.269 4   0.5780 25  47.0    6.70 61.1403  6 59.7179  6 69.3  8.65
 76    M 0.957 4  0.308 12 0.821 4  73.8708  5 12.9680  4 3.0485   4 0.6543   5
 76  2 M 0.271 4   0.5803 25  48.3    6.88 63.0005  7 61.4867  7 71.4  8.91
 77    M 0.958 4  0.319 13 0.819 4  76.1110  5 13.4185  3 3.1737   7 0.6901   4
 77  2 M 0.272 4   0.5827 25  49.6    7.06 64.8956  7 63.2867  7 73.6  9.18
 78    M 0.959 4  0.331 13 0.818 4  78.3948  7 13.8799  4 3.2960   9 0.7220   6
 78  2 M 0.273 4   0.5850 25  51.0    7.24 66.832   2 65.122   2 75.7  9.44
 79    M 0.960 4  0.343 14 0.816 4  80.7249  5 14.3528  4 3.4249   3 0.7588   4
 79  2 M 0.274 4   0.5874 25  52.4    7.42 68.8037  8 66.9895  8 78.0  9.71
 80    M 0.962 4  0.355 14 0.814 4  83.1023  8 14.8393 10 3.5616  11 0.8003  10
 80  2 M 0.276 4   0.5899 25  53.8    7.60 70.819   2 68.895   2 80.3  9.99
 81    M 0.963 4  0.367 15 0.813 5  85.5304  6 15.3467  4 3.7041   4 0.8455   5
 81  2 M 0.277 4   0.5924 25  55.2    7.78 72.8715  9 70.8319  9 82.6  10.3
 82    M 0.963 4  0.379 15 0.811 5  88.0045  7 15.8608  5 3.8507   5 0.8936   7
 82  2 M 0.279 4   0.5950 25  56.7    7.97 74.9694  9 72.8042  9 84.9  10.6
 83    M 0.964 4  0.391 16 0.809 5  90.5259  7 16.3875  4 3.9991   3 0.9382   3
 83  2 M 0.280 4   0.5977 25  58.2    8.15 77.1079 10 74.8148 10 87.3  10.8
 84    M 0.965 4  0.403 16 0.807 5  93.1050 38 16.939  10 4.1494  39 0.9953  29
 84  2 M 0.282 4   0.6005 25  59.7    8.33 79.290   5 76.862   5 89.8  11.1
 85    M 0.966 4  0.416 17 0.806 5  95.730   8 17.493  29 4.317    5 1.042    5
 85  2 M 0.284 4   0.6033 25  61.2    8.52 81.52    1 78.95    1 92.3  11.4
 86    M 0.967 4  0.428 17 0.804 5  98.404  12 18.049  38 4.482    5 1.097    5
 86  2 M 0.285 4   0.6062 25  62.7    8.71 83.78    2 81.07    2 94.9  11.7
 87    M 0.967 4  0.440 18 0.802 5  101.137 13 18.639  40 4.652    5 1.153    5
 87  2 M 0.287 4   0.6092 25  64.3    8.90 86.10    2 83.23    2 97.5  12.0
 88    M 0.968 4  0.452 18 0.801 5  103.922  8 19.2367 15 4.8220  15 1.2084  16
 88  2 M 0.289 4   0.6122 25  65.9    9.09 88.47    1 85.43    1 100.1 12.3
 89    M 0.969 4  0.464 18 0.799 5  106.755  6 19.840  18 5.002    5 1.269    5
 89  2 M 0.291 4   0.6152 25  67.5    9.28 90.884   6 87.67    1 102.8 12.7
 90    M 0.969 4  0.476 18 0.797 5  109.6509 9 20.4721  5 5.1823   3 1.3295   4
 90  2 M 0.294 4   0.6182 25  69.2    9.48 93.350   2 89.953   2 105.6 13.0
 91    M 0.970 4  0.488 18 0.795 5  112.601424 21.1046 18 5.3669  16 1.3871  18
 91  2 M 0.296 5   0.6214 25  70.8    9.68 95.868   2 92.287   2 108.4 13.3
 92    M 0.970 4  0.500 19 0.793 5  115.606116 21.7574  3 5.5480   4 1.4408   4
 92  2 M 0.298 5   0.6247 25  72.6    9.89 98.439   2 94.665   2 111.3 13.6
 93    M 0.971 4  0.511 20 0.791 5  118.678 33 22.4268  9 5.7232  36 1.5007   8
 93  2 M 0.301 5   0.6282 25  74.3    10.1 101.07   4 97.08    4 114.2 13.9
 94    M 0.971 4  0.521 20 0.790 5  121.818 44 23.0972 16 5.9329  14 1.5586   8
 94  2 M 0.303 5   0.6317 25  76.0    10.3 103.76   5 99.55    5 117.3 14.3
 95    M 0.971 4  0.530 22 0.788 5  124.998 25 23.806  17 6.125   12 1.616   20
 95  2 M 0.306 5   0.6352 25  77.8    10.5 106.49   3 102.05   3 120.3 14.6
 96    M 0.972 4  0.538 23 0.786 5  128.261 44 24.532  32 6.336   18 1.685   20
 96  2 M 0.309 6   0.6387 25  79.6    10.7 109.29   5 104.61   5 123.4 15.0
 97    M 0.972 4  0.546 24 0.784 5  131.583 44 25.270  32 6.545   18 1.750   20
 97  2 M 0.311 6   0.6424 25  81.5    10.9 112.14   5 107.21   5 126.6 15.3
 98    M 0.972 4  0.553 25 0.782 6  134.971 44 26.019  32 6.755   18 1.810   20
 98  2 M 0.314 7   0.6462 25  83.3    11.2 115.07   5 109.87   5 129.8 15.7
 99    M 0.973 4  0.560 26 0.780 6  138.429 44 26.793  32 6.975   18 1.878   20
 99  2 M 0.317 8   0.6500 25  85.2    11.4 118.05   5 112.57   5 133.2 16.0
100    M 0.973 4  0.567 27 0.778 7  141.968 34 27.590  25 7.206   12 1.954   20
100  2 M 0.321 9   0.6538 25  87.5    11.6 121.10   4 115.32   4 136.6 16.4
101    M 0.99   2 0.74  10 0.78   3 145.571 62 28.400  44 7.433   20 2.019   20
101  2 M                                                                       
102    M 0.99   2 0.76  10 0.78   3 149.256 62 29.234  44 7.670   20 2.092   20
102  2 M                                                                       
103    M 0.99   2 0.78  10 0.78   3 153.023 62 30.098  44 7.921   20 2.174  20
103  2 M                                                                      
-1
